2
89
0
1
2
3
4
5
6
7
8
9
10
11
12
13
14
15
16
17
18
19
20
21
22
23
24
25
26
27
28
29
30
31
32
33
34
35
36
37
38
39
40
41
42
43
44
45
46
47
48
49
50
51
52
53
54
55
56
57
58
59
60
61
62
63
64
65
66
67
68
69
70
71
72
73
74
75
76
77
78
79
80
81
82
83
84
85
86
87
88
186
0 1 1
1 0 1
1 2 1
2 1 1
2 3 1
3 2 1
3 4 1
4 3 1
4 5 1
5 4 1
5 6 1
6 5 1
6 7 1
7 6 1
7 8 1
8 7 1
8 9 1
8 32 1
8 51 1
9 8 1
9 10 1
10 9 1
10 11 1
10 49 1
10 50 1
11 10 1
11 12 1
12 11 1
12 13 1
13 12 1
13 14 1
14 13 1
14 15 1
14 28 1
15 14 1
15 16 1
15 29 1
16 15 1
16 17 1
17 16 1
17 18 1
17 63 1
17 29 1
18 17 1
18 19 1
19 18 1
19 20 1
20 19 1
20 21 1
21 20 1
21 22 1
22 21 1
23 24 1
24 23 1
24 25 1
25 24 1
25 26 1
26 25 1
26 27 1
26 33 1
26 34 1
27 26 1
27 28 1
28 27 1
28 14 1
29 15 1
29 30 1
29 17 1
30 29 1
30 31 1
31 30 1
31 44 1
32 8 1
32 33 1
32 48 1
32 49 1
33 32 1
33 26 1
34 26 1
34 35 1
35 34 1
35 36 1
36 35 1
36 37 1
37 36 1
37 38 1
38 37 1
38 39 1
39 38 1
39 40 1
40 39 1
40 41 1
41 40 1
41 42 1
42 41 1
43 44 1
43 45 1
43 79 1
43 80 1
44 31 1
44 43 1
45 43 1
46 47 1
47 46 1
47 48 1
48 47 1
48 32 1
49 32 1
49 10 1
50 10 1
50 51 1
51 50 1
51 52 1
51 8 1
51 78 1
52 51 1
52 53 1
53 52 1
53 54 1
54 53 1
54 55 1
55 54 1
55 56 1
56 55 1
56 57 1
57 56 1
57 58 1
58 57 1
58 59 1
59 58 1
59 60 1
60 59 1
60 61 1
61 60 1
61 62 1
62 61 1
63 64 1
63 17 1
64 65 1
64 63 1
65 66 1
65 64 1
66 67 1
66 65 1
67 68 1
67 66 1
68 69 1
68 67 1
69 70 1
69 68 1
70 71 1
70 69 1
71 72 1
71 70 1
72 73 1
72 71 1
73 74 1
73 72 1
74 75 1
74 73 1
75 76 1
75 74 1
76 77 1
76 75 1
77 76 1
78 51 1
78 79 1
79 78 1
79 43 1
80 43 1
80 81 1
81 80 1
81 82 1
82 81 1
82 83 1
83 82 1
83 84 1
84 83 1
84 85 1
85 84 1
85 86 1
86 85 1
86 87 1
87 86 1
87 88 1
88 87 1
